[startbtn]
stx=1218
sty=690
[transfermarcet]
tmx=43
tmy=412  
[searchinput]
sx=625	
sy=375
[firstplayerlist]
fx=778
fy=283   
[downscroll]
dx=1501
dy=745
[maxinput]
mx=1123
my=802 
[searchbutton]
scx=1073
scy=779
[buynowbutton]
bx=1287   
by=759
[okbutton]
ox=840
oy=529   
[okbutton2]
o2x=666
o2y=477   
[back]
bcx=136
bcy=161       
[minimuminput]
mix=699		 
miy=691